Probabilistic SVM/SYNTHETIC FIELD/SYNTHETIC FIELD/FIA0003.grd
DSAA
          61          61
    0.000000E+00       12.000000
    0.000000E+00       12.000000
        4.000000        8.000000
[rows 0 to 28 of 61, columns 0 to 60 of 61]
8.000000 7.544796 7.069706 6.675845 6.400885 6.215426 6.079772 5.965528 5.861738 5.768755 5.688891 5.619062 5.552782 5.490843 5.433497 5.391780 5.366611 5.319712 5.259365 5.190688 5.148166 5.124664 5.119450 5.119311 5.118972 5.087676 5.048754 4.993539 4.915294 4.912333 4.902900 4.887023 4.865590 4.840292 4.812501 4.784800 4.758848 4.734408 4.709893 4.684455 4.659641 4.636970 4.617664 4.601198 4.586724 4.571812 4.553891 4.529930 4.498051 4.457533 4.405340 4.341410 4.265986 4.181674 4.108671 4.061862 4.036702 4.023138 4.014646 4.007672 4.000000
8.000000 7.550369 7.088941 6.700857 6.421909 6.229692 6.087655 5.968818 5.861310 5.765291 5.682937 5.610962 5.543396 5.478310 5.422177 5.384320 5.367360 5.367224 5.262010 5.192693 5.122095 5.121733 5.120376 5.119051 5.118548 5.091439 5.059986 5.004598 4.918409 4.915088 4.905032 4.888429 4.866540 4.840812 4.812626 4.784408 4.757943 4.733086 4.708598 4.683743 4.659545 4.637550 4.618736 4.602427 4.587770 4.572586 4.554359 4.530200 4.498319 4.457318 4.404744 4.340831 4.266096 4.183495 4.111553 4.064373 4.038375 4.024180 4.015274 4.008008 4.000000
8.000000 7.575459 7.150252 6.776152 6.488869 6.278733 6.117468 5.983233 5.863493 5.758854 5.670495 5.594046 5.517886 5.450596 5.368192 5.367967 5.367502 5.367372 5.280199 5.200501 5.122010 5.122134 5.121506 5.119092 5.114676 5.101561 5.087224 5.081285 4.930136 4.926198 4.911857 4.893047 4.869663 4.842515 4.812848 4.782711 4.754618 4.729161 4.705476 4.682556 4.660055 4.639608 4.621846 4.605842 4.590958 4.575398 4.556506 4.532230 4.500489 4.458901 4.405019 4.340800 4.268272 4.189171 4.119155 4.070919 4.042802 4.026976 4.016953 4.008873 4.000000
8.000000 7.625406 7.251526 6.899579 6.605644 6.371234 6.179914 6.019302 5.879432 5.760640 5.662356 5.577799 5.492781 5.368759 5.368339 5.367992 5.367613 5.367303 5.366807 5.213716 5.128442 5.125664 5.123461 5.120195 5.113387 5.102212 5.086812 5.065318 4.975721 4.944259 4.922717 4.899686 4.873583 4.844213 4.812278 4.779624 4.750556 4.725836 4.703803 4.682821 4.662342 4.643492 4.626694 4.610943 4.595901 4.580324 4.561656 4.538135 4.507417 4.466102 4.410431 4.345470 4.273877 4.198605 4.130363 4.080113 4.048977 4.030836 4.019146 4.009779 4.000000
8.000000 7.689943 7.373340 7.056483 6.766983 6.514962 6.289544 6.094290 5.924784 5.784356 5.669920 5.572721 5.476557 5.368707 5.368542 5.368031 5.367624 5.367212 5.366940 5.226176 5.129477 5.129121 5.127710 5.124130 5.116876 5.104669 5.085438 5.050190 5.007882 4.965624 4.935091 4.906791 4.877280 4.845244 4.811098 4.776897 4.748534 4.725496 4.705189 4.685227 4.666278 4.648825 4.632725 4.617212 4.602103 4.586683 4.569279 4.547845 4.519768 4.480530 4.424295 4.357508 4.284641 4.212103 4.144659 4.091377 4.056095 4.035017 4.021344 4.010332 4.000000
8.000000 7.757053 7.493030 7.215223 6.941655 6.688874 6.448609 6.225971 6.020370 5.846332 5.706564 5.589941 5.483123 5.368848 5.368806 5.365292 5.360026 5.351346 5.315259 5.244829 5.131029 5.135836 5.137637 5.133497 5.125328 5.111672 5.089384 5.057439 5.019272 4.981308 4.946175 4.913265 4.880576 4.846711 4.811566 4.777205 4.749272 4.727400 4.708364 4.689245 4.671245 4.654843 4.639317 4.623917 4.608636 4.593599 4.577613 4.558949 4.535237 4.501433 4.449169 4.381194 4.304913 4.231058 4.161889 4.104722 4.063910 4.038979 4.023105 4.010590 4.000000
8.000000 7.815214 7.598260 7.356838 7.105291 6.859655 6.628427 6.403947 6.174588 5.960557 5.786713 5.641618 5.509049 5.369025 5.368873 5.361357 5.353422 5.336189 5.334111 5.332639 5.218487 5.162856 5.160465 5.152960 5.142755 5.127077 5.103183 5.070070 5.032215 4.993197 4.955884 4.920042 4.884651 4.849734 4.814626 4.780800 4.752799 4.730962 4.712077 4.693786 4.676682 4.660917 4.645754 4.630318 4.614775 4.600012 4.585098 4.568333 4.548432 4.521310 4.477939 4.415053 4.337647 4.259226 4.184893 4.121171 4.072766 4.042672 4.024350 4.010810 4.000000
8.000000 7.853525 7.672924 7.464435 7.238064 7.010031 6.795798 6.590641 6.369203 6.134025 5.925358 5.740028 5.563086 5.360496 5.360249 5.358086 5.345441 5.340022 5.335269 5.327207 5.295775 5.226150 5.200207 5.187356 5.173441 5.154310 5.126921 5.090269 5.048937 5.006876 4.966794 4.928386 4.890867 4.854721 4.819827 4.786940 4.758879 4.736390 4.716868 4.698929 4.682406 4.666908 4.651792 4.636051 4.620241 4.605442 4.591067 4.575547 4.558280 4.536962 4.502943 4.450227 4.378562 4.298052 4.217803 4.143847 4.084214 4.046702 4.025651 4.011214 4.000000
8.000000 7.870610 7.708488 7.522182 7.319500 7.117239 6.927998 6.748689 6.555967 6.336456 6.115593 5.894072 5.655709 5.360338 5.359788 5.357019 5.349996 5.345829 5.340592 5.328919 5.305275 5.276882 5.251622 5.233600 5.215802 5.192383 5.159936 5.118515 5.072020 5.025380 4.981534 4.939849 4.899942 4.862154 4.827083 4.795102 4.767237 4.743911 4.723471 4.705287 4.688787 4.673203 4.657749 4.641579 4.625254 4.609994 4.595504 4.580985 4.565229 4.547273 4.520588 4.478206 4.416842 4.339834 4.256248 4.172422 4.099696 4.053380 4.028596 4.012184 4.000000
8.000000 7.871855 7.714381 7.539254 7.356166 7.177521 7.015654 6.865290 6.707828 6.526721 6.323822 6.093758 5.791103 5.360516 5.359716 5.357590 5.354654 5.354239 5.352839 5.348230 5.338125 5.322211 5.303071 5.283084 5.262132 5.235958 5.199352 5.153575 5.101965 5.050404 5.001749 4.956073 4.912788 4.872594 4.836629 4.805171 4.777949 4.754034 4.732731 4.713663 4.696523 4.680459 4.664337 4.647491 4.630445 4.614345 4.599128 4.585053 4.570502 4.553720 4.531106 4.496025 4.443876 4.372437 4.287103 4.198709 4.117874 4.063863 4.033752 4.013940 4.000000
8.000000 7.862190 7.701481 7.529912 7.358901 7.200470 7.063962 6.940514 6.816056 6.678094 6.514351 6.309341 6.016323 5.361699 5.360063 5.359561 5.360512 5.362119 5.368285 5.373622 5.373961 5.365871 5.351257 5.331812 5.308390 5.279793 5.241615 5.193539 5.139302 5.083791 5.029827 4.979059 4.931036 4.887280 4.849319 4.817829 4.791417 4.767344 4.745240 4.724956 4.706717 4.689650 4.672535 4.654408 4.636118 4.618895 4.602922 4.588184 4.573668 4.556718 4.534879 4.503003 4.456551 4.391291 4.306317 4.215765 4.135389 4.077377 4.040389 4.016107 4.000000
8.000000 7.845105 7.676316 7.504636 7.341677 7.199667 7.081913 6.980100 6.880968 6.775559 6.652148 6.495083 6.261756 6.006553 5.768631 5.610572 5.362964 5.365012 5.372540 5.399931 5.406346 5.402108 5.391849 5.375472 5.353107 5.323602 5.285044 5.237159 5.182861 5.125885 5.067956 5.011908 4.958145 4.909332 4.867853 4.834891 4.808369 4.784329 4.761460 4.740194 4.720790 4.702216 4.683474 4.663160 4.642597 4.623633 4.606883 4.591144 4.575518 4.557416 4.534397 4.502753 4.458395 4.398444 4.317035 4.227207 4.147860 4.088366 4.046301 4.017982 4.000000
8.000000 7.822969 7.643822 7.471846 7.316823 7.187054 7.082216 6.994186 6.913237 6.832569 6.740882 6.623987 6.468977 6.274827 6.054811 5.818175 5.621947 5.499007 5.449483 5.431124 5.431481 5.431979 5.425736 5.412377 5.393000 5.366212 5.330066 5.285148 5.234070 5.178334 5.119128 5.058442 4.998211 4.943046 4.896510 4.860168 4.831611 4.806800 4.782853 4.760754 4.739930 4.719534 4.698823 4.675486 4.651182 4.629481 4.611053 4.593993 4.576799 4.556984 4.532343 4.499707 4.456040 4.398617 4.321891 4.235842 4.156494 4.093787 4.048303 4.018386 4.000000
8.000000 7.798752 7.608707 7.436849 7.289152 7.168162 7.071982 6.991530 6.923850 6.860960 6.791450 6.702195 6.582833 6.425641 6.220598 5.976593 5.742152 5.586677 5.508891 5.437726 5.456236 5.464106 5.457641 5.447145 5.431404 5.408948 5.377922 5.338508 5.293591 5.242524 5.184356 5.121096 5.055485 4.993634 4.940593 4.899117 4.866460 4.838692 4.811829 4.787715 4.765085 4.742711 4.719513 4.692996 4.664068 4.637868 4.616098 4.596722 4.577607 4.556257 4.530176 4.496621 4.453043 4.396821 4.325996 4.246909 4.166192 4.096097 4.045553 4.016207 4.000000
8.000000 7.776729 7.575559 7.403310 7.260156 7.144060 7.053179 6.980099 6.922702 6.871428 6.814838 6.742421 6.643927 6.509007 6.316644 6.066898 5.803146 5.630381 5.561813 5.552518 5.515139 5.497534 5.490887 5.482543 5.470830 5.453699 5.429141 5.396621 5.357219 5.311522 5.257309 5.194748 5.127323 5.061372 5.002470 4.953866 4.914339 4.881051 4.849752 4.820799 4.794065 4.769165 4.744171 4.715092 4.682263 4.650264 4.622959 4.599526 4.578040 4.555375 4.528085 4.494116 4.451166 4.398875 4.336464 4.268463 4.196947 4.096222 4.031690 4.011483 4.000000
8.000000 7.759723 7.548253 7.372375 7.229412 7.116006 7.029741 6.964696 6.914612 6.870447 6.821629 6.758689 6.671008 6.545373 6.355457 6.086751 5.809084 5.603158 5.577633 5.558633 5.543707 5.531945 5.525174 5.519506 5.511746 5.499630 5.480526 5.453496 5.419087 5.377730 5.328107 5.269292 5.204292 5.137752 5.075432 5.020509 4.972891 4.930945 4.893019 4.858166 4.826815 4.798528 4.772059 4.742501 4.705974 4.666039 4.630008 4.601408 4.577946 4.554233 4.526381 4.492742 4.453074 4.409431 4.364688 4.305621 4.259752 4.120613 4.010183 4.006732 4.000000
8.000000 7.748107 7.527941 7.344586 7.197890 7.085056 7.002470 6.943089 6.897971 6.858451 6.815330 6.757443 6.671700 6.540399 6.337678 6.051179 5.678266 5.631874 5.601318 5.580307 5.569910 5.564028 5.560180 5.556590 5.551301 5.542424 5.527417 5.504928 5.475031 5.437336 5.391225 5.335966 5.274611 5.210738 5.148579 5.090436 5.036500 4.986734 4.940781 4.898638 4.861716 4.829801 4.801835 4.774900 4.740605 4.674600 4.626068 4.598932 4.577039 4.553594 4.526221 4.494689 4.460439 4.428411 4.402177 4.405818 4.422107 4.148862 4.005181 4.003294 4.000000
8.000000 7.742503 7.514177 7.319916 7.163398 7.045946 6.963830 6.906891 6.865267 6.830242 6.791614 6.735325 6.642742 6.492629 6.263175 5.989591 5.713122 5.683242 5.615974 5.606602 5.602083 5.598535 5.595573 5.592822 5.589118 5.581944 5.569240 5.549637 5.523190 5.488770 5.445673 5.393897 5.335781 5.275078 5.215126 5.156797 5.099195 5.042959 4.989849 4.940022 4.896088 4.859534 4.829203 4.804344 4.795413 4.802230 4.599068 4.593748 4.576566 4.555123 4.528877 4.500422 4.472619 4.449522 4.435078 4.428962 4.427117 4.185757 4.003400 4.002475 4.000000
8.000000 7.743657 7.506662 7.295955 7.120400 6.988837 6.899041 6.840564 6.802358 6.773012 6.738817 6.681603 6.575693 6.403303 6.164964 5.847612 5.806190 5.789956 5.616834 5.637104 5.643194 5.638277 5.634030 5.631359 5.627696 5.620630 5.608794 5.590790 5.566238 5.534055 5.493548 5.445324 5.391030 5.333811 5.277091 5.219769 5.160474 5.098422 5.037330 4.979427 4.927396 4.884989 4.851537 4.820875 4.807334 4.799860 4.594699 4.591006 4.581309 4.559599 4.534078 4.508988 4.486712 4.468062 4.452817 4.442514 4.438303 4.222043 4.003114 4.003142 4.000000
8.000000 7.749659 7.502616 7.270273 7.062490 6.898818 6.785158 6.719987 6.685470 6.665277 6.638026 6.581773 6.467324 6.283643 6.070835 5.863369 5.859727 5.853192 5.769519 5.702149 5.697175 5.685852 5.678310 5.673942 5.669802 5.662617 5.650956 5.633691 5.609733 5.578675 5.540595 5.496130 5.445893 5.392253 5.339557 5.285350 5.225319 5.157187 5.086097 5.016076 4.953969 4.903236 4.867934 4.839613 4.753811 4.676059 4.647922 4.612852 4.590064 4.566264 4.540533 4.518452 4.500192 4.485643 4.469732 4.446933 4.442243 4.244905 4.124444 4.044311 4.000000
8.000000 7.757213 7.502262 7.246549 6.994666 6.750275 6.580847 6.488115 6.477283 6.478887 6.478527 6.432866 6.332562 6.172227 5.942641 5.915779 5.899620 5.896976 5.882154 5.800850 5.760875 5.742265 5.730543 5.723843 5.719617 5.712966 5.701169 5.683986 5.659984 5.628550 5.590972 5.549172 5.503036 5.453472 5.405280 5.356288 5.299011 5.222023 5.139991 5.059974 4.964317 4.910789 4.874105 4.862220 4.677250 4.671104 4.644995 4.621951 4.597821 4.572109 4.546758 4.527156 4.512162 4.500245 4.496784 4.431838 4.351420 4.257246 4.156837 4.074654 4.000000
8.000000 7.766125 7.510979 7.234562 6.934044 6.606083 6.102291 6.101338 6.101252 6.272739 6.284098 6.260979 6.202466 6.094303 5.954958 5.949386 5.937215 5.922187 5.895775 5.861107 5.827377 5.805423 5.792394 5.785581 5.781158 5.774620 5.763431 5.746274 5.721536 5.688817 5.649935 5.607964 5.563800 5.518093 5.475153 5.433947 5.388472 5.313693 5.163812 5.126002 5.070132 4.997787 4.927487 4.827036 4.668623 4.653991 4.640831 4.623752 4.600942 4.573994 4.550287 4.534086 4.521859 4.512301 4.502281 4.418094 4.337902 4.251607 4.165534 4.081891 4.000000
8.000000 7.776556 7.528699 7.237675 6.898481 6.514435 6.101864 6.100697 6.099687 6.098776 6.094987 6.095167 6.117368 6.067495 5.991384 5.986432 5.973589 5.957348 5.936910 5.913081 5.891787 5.876677 5.867043 5.860990 5.856036 5.849090 5.837953 5.820846 5.795222 5.759707 5.717226 5.672711 5.628585 5.585213 5.545988 5.513156 5.482276 5.468069 5.374331 5.293673 5.209914 5.121768 5.019372 4.894535 4.767894 4.640858 4.638081 4.629344 4.601666 4.566051 4.550468 4.539333 4.529811 4.521440 4.480150 4.416706 4.335628 4.250956 4.166885 4.082833 4.000000
8.000000 7.784686 7.544163 7.242476 6.874104 6.487883 6.229056 6.099047 6.098654 6.097626 6.095476 6.094216 6.093195 6.061994 6.041627 6.023118 6.011093 5.998560 5.984601 5.970552 5.959867 5.954108 5.951401 5.948108 5.941993 5.932712 5.919506 5.900588 5.873177 5.835325 5.789654 5.741435 5.695122 5.652034 5.614810 5.587338 5.569335 5.578265 5.627597 5.488584 5.403070 5.301543 5.182462 5.056056 4.863415 4.639925 4.638315 4.636267 4.702657 4.552058 4.549894 4.543447 4.538076 4.548084 4.499906 4.426063 4.341044 4.254402 4.170250 4.085963 4.000000
8.000000 7.785903 7.543952 7.228783 6.814770 6.428401 6.099177 6.098589 6.097992 6.096938 6.095614 6.093848 6.090918 6.076657 6.064795 6.054769 6.047361 6.042071 6.037842 6.034603 6.033540 6.035217 6.036905 6.034784 6.027279 6.015255 5.999209 5.977594 5.948175 5.908911 5.861890 5.811347 5.761448 5.714387 5.675134 5.649659 5.637662 5.639536 5.654383 5.684474 5.689941 5.493426 5.392766 5.311882 5.177982 4.641100 4.641399 5.003649 4.920515 4.551423 4.549101 4.548639 4.654943 4.616050 4.543236 4.450932 4.354598 4.263436 4.177910 4.092762 4.000000
8.000000 7.773227 7.515358 7.178797 6.732001 6.100883 6.099450 6.098700 6.097893 6.096920 6.095701 6.094038 6.090954 6.086124 6.080824 6.078980 6.081928 6.089799 6.099728 6.108461 6.114237 6.117494 6.117103 6.112234 6.102883 6.089157 6.071125 6.047723 6.016932 5.976947 5.929372 5.879104 5.826980 5.769488 5.721236 5.690094 5.678221 5.676843 5.681999 5.689773 5.697335 5.701938 5.575656 5.546428 5.705597 5.705591 5.704844 5.311772 5.213857 5.099061 4.975037 4.889638 4.805985 4.714284 4.600827 4.483302 4.373905 4.276846 4.189005 4.101500 4.000000
8.000000 7.740922 7.449304 7.089874 6.636104 6.100620 6.099984 6.099077 6.098210 6.097281 6.096238 6.094970 6.093513 6.091815 6.091160 6.094516 6.111944 6.140819 6.174792 6.194185 6.200287 6.198616 6.192688 6.183430 6.171120 6.155599 6.135993 6.111335 6.079966 6.040062 5.992637 5.943157 5.895589 5.832221 5.735930 5.707400 5.702853 5.700436 5.700132 5.701540 5.703561 5.704310 5.674482 5.707438 5.706804 5.706296 5.706116 5.582756 5.489436 5.429561 5.322651 5.173434 4.992186 4.821835 4.659412 4.514218 4.391524 4.289561 4.199728 4.109485 4.000000
8.000000 7.687454 7.342714 6.951748 6.533202 6.101230 6.100644 6.099744 6.098794 6.097922 6.097096 6.096354 6.095778 6.095623 6.096657 6.100695 6.112847 6.214261 6.268823 6.285200 6.285841 6.275972 6.262938 6.248602 6.233318 6.216038 6.195696 6.171168 6.140292 6.101045 6.054748 6.007822 5.966106 5.951423 5.817282 5.723427 5.721169 5.716777 5.711933 5.709435 5.708443 5.708780 5.709291 5.708232 5.707524 5.707007 5.706755 5.706408 5.706071 5.702980 5.702940 5.379958 5.157240 4.913727 4.707785 4.538823 4.403412 4.296986 4.205749 4.113546 4.000000
8.000000 7.630224 7.179539 6.733496 6.342504 6.102156 6.101653 6.100551 6.099500 6.098648 6.098022 6.097632 6.097507 6.097794 6.098851 6.101148 6.102194 6.356506 6.358023 6.364816 6.360337 6.346501 6.328557 6.309648 6.291573 6.273326 6.252893 6.228786 6.198865 6.161414 6.117752 6.073740 6.039208 6.025495 5.895254 5.749745 5.744640 5.726464 5.718183 5.713150 5.711148 5.710244 5.709610 5.708923 5.708158 5.707543 5.707029 5.706484 5.705855 5.703925 5.703277 5.702344 5.258212 4.974590 4.740438 4.553661 4.408182 4.297510 4.204797 4.112082 4.000000
