Probabilistic SVM/SYNTHETIC FIELD/SYNTHETIC FIELD/FIA0003.grd
DSAA
          61          61
    0.000000E+00       12.000000
    0.000000E+00       12.000000
        4.000000        8.000000
[rows 29 to 57 of 61, columns 0 to 60 of 61]
8.000000 7.592929 7.056376 6.109888 6.107707 6.104301 6.102577 6.101293 6.100143 6.099290 6.098779 6.098602 6.098660 6.098961 6.099574 6.100293 6.101677 6.423552 6.424113 6.423235 6.418190 6.406190 6.387987 6.367107 6.348113 6.330279 6.310443 6.287166 6.258981 6.224139 6.183176 6.141320 6.105850 6.092878 6.066298 5.869098 5.749317 5.733923 5.717804 5.714010 5.712117 5.711026 5.710242 5.709505 5.708762 5.708022 5.707385 5.706731 5.705311 5.704394 5.703488 5.702592 5.292094 4.993995 4.755845 4.561167 4.408291 4.292358 4.197768 4.107244 4.000000
8.000000 7.593304 7.038867 6.109780 6.107156 6.105142 6.103316 6.101923 6.100735 6.099824 6.099323 6.099247 6.099609 6.099614 6.099720 6.100173 6.306446 6.465463 6.465707 6.464706 6.462156 6.454808 6.440738 6.422371 6.404330 6.386522 6.367541 6.346004 6.320549 6.289174 6.251740 6.211988 6.174909 6.138456 6.086277 6.075989 5.740546 5.743438 5.714907 5.713514 5.712265 5.711410 5.710699 5.710032 5.709354 5.708618 5.707577 5.707270 5.704545 5.704393 5.703989 5.483215 5.243570 4.977993 4.756056 4.566255 4.410237 4.287890 4.190419 4.100971 4.000000
8.000000 7.634980 7.153878 6.685220 6.106435 6.105355 6.103550 6.102543 6.101484 6.100100 6.099610 6.099546 6.099870 6.102023 6.103787 6.257800 6.501495 6.496130 6.493290 6.497456 6.500226 6.498106 6.489728 6.474347 6.456412 6.438529 6.420133 6.400017 6.377314 6.351015 6.319717 6.284335 6.245941 6.204147 6.165528 6.155606 6.162858 5.851191 5.762122 5.712544 5.712239 5.711600 5.710979 5.710435 5.709892 5.709317 5.715044 5.709976 5.704424 5.704381 5.572712 5.395751 5.173441 4.954788 4.755060 4.575900 4.421010 4.293080 4.189261 4.096014 4.000000
8.000000 7.710633 7.353250 6.962046 6.614609 6.318685 6.103970 6.103343 6.103002 6.318644 6.294722 6.205853 6.104782 6.104259 6.103976 6.307125 6.502701 6.504479 6.512748 6.526578 6.538385 6.539971 6.532561 6.518207 6.500620 6.482993 6.465916 6.448161 6.428392 6.406505 6.382308 6.354355 6.319837 6.276755 6.231613 6.167906 6.163365 5.934301 5.795907 5.712768 5.712449 5.711657 5.711093 5.710604 5.710394 5.733490 5.735113 5.721438 5.679649 5.679468 5.524774 5.344830 5.152081 4.959045 4.774512 4.601855 4.445677 4.310896 4.197031 4.096115 4.000000
8.000000 7.789250 7.524874 7.238464 6.953102 6.699798 6.105567 6.106031 6.690238 6.689893 6.571316 6.391625 6.105051 6.104660 6.104891 6.366952 6.504634 6.507344 6.518392 6.564517 6.585960 6.579816 6.567638 6.552048 6.536022 6.520700 6.506103 6.491458 6.475481 6.457520 6.438931 6.419419 6.396628 6.351135 6.284023 6.165633 6.165925 5.970097 5.823988 5.713320 5.713326 5.733315 5.747708 5.757443 5.766002 5.774332 5.777621 5.758676 5.679698 5.679496 5.526674 5.360635 5.185934 5.006949 4.828638 4.653399 4.487856 4.341417 4.213946 4.102500 4.000000
8.000000 7.838919 7.643785 7.426301 7.215905 7.062614 7.347344 7.347434 7.346811 7.345795 6.861014 6.642070 6.495172 6.401346 6.414032 6.474758 6.554491 6.610995 6.705398 6.665549 6.634931 6.619208 6.601278 6.583294 6.566684 6.552151 6.539384 6.527664 6.515759 6.502166 6.488311 6.475019 6.461669 6.457922 6.351949 6.166221 6.165783 6.022320 5.860826 5.713998 5.713975 5.762359 5.793863 5.810208 5.822257 5.832976 5.838336 5.825258 5.787326 5.704473 5.583115 5.430907 5.268001 5.093823 4.916201 4.736367 4.552081 4.386428 4.240247 4.113372 4.000000
8.000000 7.853143 7.685051 7.510296 7.359436 7.310216 7.349103 7.348523 7.347301 7.346855 7.114200 6.936511 6.798176 6.705769 6.660153 6.654790 6.676762 6.768670 6.737080 6.709998 6.682426 6.656699 6.633265 6.611669 6.592907 6.577822 6.565807 6.555653 6.546500 6.536874 6.526538 6.516172 6.509128 6.506242 6.444737 6.360314 6.244469 6.105724 5.954346 5.714550 5.714493 5.831243 5.860317 5.876225 5.889251 5.901726 5.913280 5.914079 5.883774 5.805787 5.684577 5.540216 5.384074 5.215069 5.035137 4.847536 4.642514 4.449211 4.276840 4.127830 4.000000
8.000000 7.822168 7.640077 7.476039 7.394092 7.354125 7.351986 7.349933 7.347965 7.345949 7.344553 7.159863 7.070237 7.007184 6.934423 6.867123 6.813101 6.785761 6.776403 6.752094 6.722452 6.692134 6.663689 6.637708 6.615503 6.598522 6.586266 6.577359 6.570043 6.562227 6.552924 6.543593 6.536703 6.538421 6.547161 6.547541 6.342260 6.209527 6.086938 5.998238 5.956737 5.957748 5.968676 5.970431 5.973780 5.984045 6.002307 6.017219 6.005659 5.942819 5.829435 5.690599 5.537495 5.373027 5.193130 4.990386 4.762579 4.534706 4.325542 4.145732 4.000000
8.000000 7.781035 7.376446 7.375987 7.382645 7.355634 7.354421 7.351751 7.348999 7.345908 7.341753 7.332401 7.322716 7.314577 7.311113 7.034433 6.922482 6.836662 6.824626 6.795197 6.761867 6.727325 6.694490 6.663994 6.637187 6.616501 6.602074 6.592690 6.585846 6.579083 6.570575 6.561368 6.553929 6.550062 6.548545 6.547372 6.408385 6.305225 6.229187 6.188655 6.170198 6.150926 6.118708 6.084569 6.073706 6.082101 6.105545 6.143744 6.163689 6.117620 6.004441 5.858932 5.714161 5.559206 5.382217 5.164595 4.907264 4.641188 4.388866 4.170386 4.000000
8.000000 7.709311 7.375925 7.375137 7.369548 7.361248 7.357093 7.354035 7.351018 7.347105 7.341111 7.332694 7.321705 7.312150 7.308161 7.123057 6.984108 6.929464 6.881799 6.843237 6.803962 6.764997 6.727616 6.692822 6.661135 6.634731 6.616176 6.604832 6.597363 6.591061 6.583500 6.573859 6.564756 6.557315 6.551478 6.506814 6.444590 6.377339 6.330076 6.317335 6.425946 6.426000 6.268510 6.217345 6.187496 6.188999 6.220911 6.269427 6.391083 6.390974 6.154459 6.009035 5.870927 5.725394 5.556999 5.338860 5.058602 4.758090 4.466763 4.206308 4.000000
8.000000 7.382715 7.379426 7.373721 7.370511 7.365165 7.358981 7.357267 7.354554 7.350418 7.343766 7.333766 7.319622 7.302814 7.296983 7.081194 7.033721 6.986557 6.942378 6.899134 6.855966 6.812689 6.769444 6.728687 6.691107 6.657064 6.631935 6.617161 6.608262 6.601990 6.595807 6.586231 6.568237 6.563846 6.566631 6.527454 6.472610 6.425787 6.395280 6.396110 6.426581 6.426526 6.426163 6.329370 6.298224 6.295305 6.317161 6.392005 6.391660 6.391406 6.262420 6.129324 5.989333 5.849992 5.690197 5.481514 5.189219 4.865108 4.548536 4.252680 4.000000
8.000000 7.382237 7.381977 7.377658 7.370790 7.369245 7.362182 7.361845 7.360558 7.356917 7.349749 7.337650 7.318986 7.292474 7.250849 7.130879 7.079669 7.037528 6.999015 6.959716 6.917307 6.872149 6.823725 6.775425 6.729365 6.686007 6.652728 6.632588 6.620947 6.614067 6.609429 6.607745 6.639481 6.639630 6.639767 6.560118 6.506296 6.457244 6.430923 6.430438 6.428412 6.426896 6.425057 6.420077 6.417977 6.369563 6.393938 6.392963 6.391918 6.391313 6.390795 6.210389 6.073995 5.936451 5.777679 5.570796 5.280719 4.951831 4.619760 4.300354 4.000000
8.000000 7.383233 7.382364 7.382379 7.382927 7.381309 7.363577 7.368257 7.369952 7.368059 7.360757 7.346575 7.323669 7.288903 7.233940 7.175234 7.122747 7.084649 7.051413 7.017545 6.978589 6.934420 6.884353 6.830911 6.776412 6.723184 6.680668 6.653625 6.637829 6.629187 6.625305 6.627956 6.638947 6.639930 6.640264 6.640427 6.537189 6.478870 6.431424 6.430921 6.429590 6.427437 6.424109 6.419516 6.413391 6.403166 6.396168 6.393415 6.391905 6.391060 6.390738 6.261183 6.131952 5.995017 5.829254 5.610311 5.324875 5.004906 4.669731 4.334455 4.000000
8.000000 7.383891 7.383423 7.383131 7.383079 7.405274 7.408010 7.373156 7.384115 7.386564 7.378201 7.362405 7.337102 7.300010 7.252965 7.205335 7.164451 7.130304 7.100902 7.072068 7.037965 6.995844 6.945810 6.889422 6.827636 6.766727 6.715978 6.681013 6.659463 6.647262 6.641135 6.639578 6.640039 6.640936 6.640775 6.640630 6.640291 6.434913 6.433378 6.432395 6.430910 6.428221 6.424013 6.418030 6.410357 6.402623 6.396785 6.393371 6.391555 6.390591 6.390233 6.289707 6.176268 6.039680 5.860308 5.624331 5.336393 5.025516 4.698940 4.355303 4.000000
8.000000 7.384771 7.383831 7.383454 7.383478 7.466068 7.461550 7.441219 7.418429 7.414564 7.404364 7.386419 7.360306 7.324471 7.282433 7.241559 7.205787 7.175604 7.149335 7.124465 7.095894 7.057812 7.006704 6.945667 6.877804 6.810802 6.754301 6.711458 6.683033 6.665901 6.655389 6.648791 6.644777 6.642449 6.641378 6.640805 6.640525 6.434468 6.435472 6.435063 6.432987 6.429482 6.424300 6.417190 6.408999 6.401565 6.396190 6.392816 6.390855 6.389747 6.389365 6.318475 6.221754 6.081529 5.889743 5.635649 5.337492 5.031706 4.716059 4.374298 4.000000
8.000000 7.750556 7.599464 7.568288 7.573069 7.566715 7.539599 7.497155 7.456794 7.452430 7.438053 7.417537 7.390505 7.356168 7.317677 7.281346 7.248776 7.221441 7.197729 7.175560 7.151056 7.118038 7.068254 7.000394 6.924026 6.851844 6.789865 6.740285 6.705134 6.682732 6.667389 6.656033 6.647057 6.642972 6.641692 6.640908 6.640431 6.488600 6.440883 6.439441 6.435806 6.431138 6.424943 6.416870 6.408134 6.400671 6.395328 6.391879 6.389781 6.388577 6.387788 6.386858 6.265286 6.129463 5.933191 5.662674 5.348859 5.037616 4.727671 4.391831 4.000000
8.000000 7.851652 7.747376 7.702950 7.753345 7.755958 7.617233 7.552643 7.517297 7.493120 7.474298 7.451459 7.423791 7.390879 7.355632 7.322532 7.292919 7.267793 7.246088 7.226003 7.204398 7.175032 7.128098 7.055761 6.967588 6.888140 6.819982 6.765177 6.724276 6.696455 6.676448 6.660407 6.645932 6.629396 6.594206 6.581991 6.479822 6.471601 6.452284 6.444515 6.438803 6.432804 6.425607 6.416766 6.407592 6.399865 6.394266 6.390586 6.388229 6.386813 6.386535 6.387146 6.302727 6.190803 6.009452 5.732121 5.390196 5.051431 4.733009 4.401074 4.000000
8.000000 7.890392 7.809558 7.770110 7.761648 7.748345 7.739471 7.571345 7.560939 7.534082 7.509322 7.484159 7.455903 7.424649 7.392790 7.363126 7.336638 7.313676 7.293675 7.275008 7.255447 7.229175 7.184933 7.111498 7.014808 6.924592 6.847003 6.786113 6.740356 6.707491 6.682612 6.661779 6.641566 6.617392 6.589219 6.555350 6.497608 6.474730 6.459770 6.449334 6.441546 6.434177 6.426006 6.416641 6.407136 6.398965 6.392953 6.388902 6.386120 6.384176 6.383482 6.365973 6.333315 6.268139 6.148697 5.875688 5.486286 5.068392 4.723973 4.394135 4.000000
8.000000 7.912585 7.798563 7.784230 7.767294 7.746068 7.718180 7.643850 7.601879 7.571441 7.542597 7.514625 7.485539 7.455662 7.426722 7.400509 7.377484 7.356718 7.337662 7.319641 7.300956 7.276809 7.235144 7.163118 7.061476 6.960198 6.871608 6.803980 6.753373 6.715530 6.685932 6.660431 6.635548 6.608676 6.578091 6.542033 6.507244 6.481098 6.464575 6.453035 6.443770 6.435182 6.426169 6.416412 6.406574 6.397861 6.391287 6.386744 6.383414 6.380687 6.377446 6.371421 6.368560 6.366541 6.364780 6.363093 5.574728 5.076279 4.694800 4.367207 4.000000
8.000000 7.987137 7.809162 7.800148 7.774710 7.747050 7.712617 7.674198 7.635221 7.601827 7.571325 7.541756 7.511906 7.482662 7.455941 7.432644 7.412463 7.393841 7.375642 7.357644 7.338845 7.315411 7.275994 7.207131 7.105606 6.993289 6.894282 6.819889 6.763938 6.720947 6.686612 6.656848 6.628712 6.600492 6.570677 6.539138 6.509349 6.485813 6.468409 6.455720 6.445333 6.435805 6.426109 6.416113 6.405822 6.396338 6.388987 6.383895 6.379969 6.376494 6.373187 6.370241 6.367721 6.366118 6.364952 6.363317 5.577393 5.050758 4.654459 4.330418 4.000000
8.000000 7.949365 7.857601 7.814663 7.781815 7.750536 7.719114 7.686645 7.654562 7.623301 7.592953 7.563011 7.532973 7.504312 7.479146 7.458223 7.440238 7.423046 7.405793 7.388039 7.369218 7.345671 7.308189 7.243955 7.145770 7.025983 6.916354 6.834693 6.772656 6.724617 6.685349 6.651869 6.621722 6.593613 6.566120 6.538137 6.511371 6.489019 6.471193 6.457505 6.446167 6.435898 6.425695 6.415462 6.404624 6.394107 6.385798 6.380162 6.375614 6.371637 6.368479 6.366225 6.365119 6.364716 6.364706 5.967777 5.478693 4.992762 4.609404 4.300362 4.000000
8.000000 7.932579 7.873874 7.823964 7.785773 7.752875 7.722554 7.693561 7.665297 7.636926 7.607963 7.578184 7.548153 7.520163 7.496389 7.477344 7.461072 7.445292 7.428983 7.411528 7.392706 7.369364 7.333956 7.274825 7.181144 7.059810 6.941741 6.850721 6.781654 6.727576 6.683402 6.646856 6.615610 6.588339 6.563141 6.537985 6.513086 6.491044 6.472774 6.458203 6.446001 6.435043 6.424491 6.414009 6.402723 6.391266 6.382004 6.375829 6.370421 6.365272 6.361410 6.359856 6.360696 6.364101 6.363921 5.841902 5.369738 4.930795 4.568629 4.275367 4.000000
8.000000 7.931109 7.873520 7.825907 7.786027 7.752034 7.722571 7.696076 7.670624 7.644876 7.617614 7.588522 7.558572 7.531538 7.509577 7.492255 7.477294 7.462445 7.447050 7.430344 7.411801 7.388737 7.354897 7.299691 7.211830 7.093524 6.972394 6.872020 6.793686 6.731843 6.682438 6.643108 6.610944 6.584487 6.560959 6.537657 6.513602 6.491625 6.472899 6.457407 6.444334 6.432763 6.421992 6.411495 6.400335 6.388255 6.378367 6.370948 6.363808 6.356190 6.348650 6.348985 6.357250 6.290142 6.116335 5.778597 5.318698 4.906230 4.557240 4.264953 4.000000
8.000000 7.930683 7.872769 7.824449 7.783433 7.748710 7.719964 7.695325 7.672081 7.648489 7.623090 7.595200 7.565537 7.539647 7.519534 7.503716 7.490158 7.476344 7.461719 7.445665 7.427473 7.404524 7.371383 7.318931 7.237054 7.125720 7.006618 6.900471 6.811205 6.740048 6.684289 6.641435 6.608082 6.581852 6.559044 6.536494 6.512664 6.490429 6.471107 6.454708 6.440904 6.428971 6.418314 6.408234 6.397676 6.385599 6.374756 6.364954 6.355048 6.343626 6.330586 6.309584 6.259838 6.231742 6.220079 5.762374 5.334759 4.934591 4.581447 4.273950 4.000000
8.000000 7.932009 7.872585 7.822073 7.779290 7.743843 7.715733 7.692562 7.670928 7.649034 7.625473 7.599001 7.570611 7.546130 7.527260 7.512545 7.500035 7.487283 7.473489 7.457873 7.439718 7.416640 7.383827 7.333663 7.258471 7.156351 7.041433 6.931947 6.833446 6.752785 6.690098 6.642622 6.607454 6.580401 6.557201 6.534270 6.510197 6.487296 6.467215 6.450325 6.436216 6.424290 6.414084 6.404646 6.394854 6.383349 6.371134 6.358165 6.344338 6.328408 6.308678 6.282039 6.251134 6.220761 6.209126 5.842249 5.438804 5.014986 4.635412 4.294908 4.000000
8.000000 7.935030 7.873445 7.819815 7.774617 7.738428 7.710858 7.688720 7.668355 7.648115 7.625938 7.600900 7.574568 7.551609 7.533565 7.519293 7.507303 7.495391 7.482227 7.466733 7.448213 7.424661 7.392212 7.345695 7.279001 7.186890 7.075904 6.965816 6.861434 6.770261 6.700172 6.647780 6.609456 6.580064 6.555178 6.530766 6.505898 6.482366 6.461900 6.444916 6.430978 6.419508 6.409995 6.401254 6.392174 6.381261 6.367921 6.351865 6.333954 6.313128 6.288206 6.258883 6.227019 6.195861 6.165162 6.137475 5.615260 5.168838 4.713745 4.327014 4.000000
8.000000 7.939138 7.876023 7.818678 7.770535 7.733611 7.706199 7.684629 7.665425 7.646494 7.625541 7.602029 7.577983 7.556416 7.538884 7.524577 7.512450 7.500759 7.487707 7.471918 7.452706 7.428547 7.397222 7.354900 7.295939 7.214434 7.109655 6.999461 6.892354 6.792699 6.714678 6.657470 6.614769 6.581270 6.552919 6.526152 6.500312 6.476365 6.455844 6.439121 6.425868 6.415219 6.406458 6.398371 6.389821 6.379209 6.365194 6.347014 6.325299 6.299859 6.269899 6.235743 6.199587 6.164315 6.135343 6.116461 6.098715 5.324040 4.814617 4.383307 4.000000
8.000000 7.943043 7.880038 7.819628 7.768734 7.730292 7.702492 7.681148 7.662716 7.644685 7.625087 7.603203 7.581112 7.560764 7.543487 7.528924 7.516170 7.503881 7.490169 7.473627 7.453569 7.429371 7.399949 7.361193 7.306789 7.230881 7.134778 7.028531 6.918866 6.815655 6.730729 6.669614 6.622909 6.584480 6.551174 6.521570 6.494470 6.470212 6.449927 6.434019 6.421662 6.411846 6.403691 6.396067 6.387806 6.377190 6.362846 6.343432 6.318765 6.288721 6.252721 6.212347 6.170098 6.129053 6.096675 6.089756 6.103933 5.364655 4.968045 4.515443 4.000000
8.000000 7.945596 7.884609 7.823286 7.770212 7.729427 7.700658 7.679287 7.660976 7.643584 7.625015 7.604747 7.584187 7.564757 7.547630 7.532665 7.519023 7.505515 7.490570 7.472999 7.452203 7.428573 7.401099 7.364611 7.312171 7.239064 7.150038 7.048738 6.936321 6.830750 6.742226 6.678844 6.630495 6.588870 6.551351 6.518553 6.489714 6.465064 6.445254 6.430216 6.418645 6.409409 6.401624 6.394228 6.386034 6.375413 6.360796 6.340419 6.313498 6.278958 6.236961 6.189829 6.140000 6.088596 6.037309 6.018888 5.303454 5.259553 5.160610 5.119961 4.000000
