Probabilistic SVM/SYNTHETIC FIELD/SYNTHETIC FIELD/trs0003.grd
DSAA
          60          60
    1.000000E-01       11.900000
    1.000000E-01       11.900000
       -2.036800        9.890900
[rows 0 to 25 of 60, columns 0 to 58 of 60]
-1.662600 -1.669900 -1.400900 -9.044001E-01 -3.347000E-01 1.511000E-01 4.517000E-01 6.095999E-01 7.131000E-01 7.873999E-01 7.659000E-01 5.909000E-01 3.508000E-01 5.729999E-02 -5.250000E-02 1.017000E-01 4.130000E-01 8.046000E-01 1.139600 1.322300 1.351800 1.271700 8.268200 8.212300 1.131800 1.198700 1.222800 1.135000 8.048500 7.873900 7.701900 7.567100 7.484700 7.431400 7.440600 7.476200 7.467000 7.368400 7.241400 7.209900 7.295300 7.509900 7.780900 8.055500 8.163000 8.073700 7.834100 7.573700 7.341000 7.081500 6.863000 6.686800 6.585700 6.773000 7.304700 8.063500 8.863300 9.528600 9.890900
-1.776200 -1.733600 -1.487300 -1.080000 -6.266000E-01 -2.480000E-01 1.640000E-02 1.973000E-01 3.871000E-01 6.025000E-01 7.580000E-01 7.300000E-01 5.554000E-01 2.327000E-01 4.000000E-02 1.190000E-01 7.475000 7.385000E-01 1.085900 1.324200 8.518600 8.477600 8.361100 8.231700 1.046200 1.009100 9.647000E-01 8.550000E-01 7.763500 7.533000 7.274700 7.040100 6.866200 6.755200 6.728100 6.788500 6.880300 6.958100 7.003500 7.070500 7.230100 7.463300 7.679500 7.839300 7.864100 7.757600 7.577700 7.401400 7.227700 7.057700 6.922800 6.816700 6.773900 6.974400 7.468000 8.154700 8.868000 9.429900 9.690300
-1.822600 -1.772600 -1.608200 -1.317700 -9.923000E-01 -7.070000E-01 -4.595000E-01 -2.377000E-01 3.830000E-02 3.570000E-01 6.401000E-01 7.410000E-01 6.456000E-01 3.814000E-01 7.235600 7.196800 7.352500 5.358000E-01 8.500000E-01 1.146500 1.309000 8.402700 8.285700 8.109000 7.944800 7.799800 7.661400 4.172000E-01 7.327000 7.086300 6.803600 6.551700 6.357500 6.226200 6.178300 6.275700 6.478600 6.694900 6.870500 6.987700 7.171200 7.384500 7.524200 7.631800 7.648200 7.531000 7.424000 7.309000 7.187800 7.054500 7.015500 7.013900 7.010600 7.196500 7.622000 8.198600 8.788700 9.223000 9.389700
-1.765200 -1.735200 -1.665300 -1.498100 -1.297500 -1.115400 -9.042000E-01 -6.507000E-01 -3.188000E-01 7.860000E-02 4.509000E-01 6.512000E-01 6.513000E-01 7.552900 7.288600 7.117200 7.145100 7.334900 5.133000E-01 8.052000E-01 8.084200 8.107600 8.026300 7.833800 7.605700 7.372700 7.141900 6.958700 6.795700 6.598500 6.375500 6.185900 6.037900 5.943200 5.944100 6.156100 6.438500 6.692600 6.867200 7.019900 7.184700 7.353900 7.468600 7.564800 7.607900 7.559400 7.469200 7.366900 7.224500 7.062200 7.054500 7.078900 7.155900 7.321300 7.639300 8.090100 8.561700 8.892400 9.008400
-1.586300 -1.595900 -1.586000 -1.520400 -1.424100 -1.377600 -1.232600 -1.001400 -6.219000E-01 -1.913000E-01 2.186000E-01 5.244000E-01 5.899000E-01 7.514300 1.392000E-01 -1.005000E-01 -1.796000E-01 -9.360000E-02 1.343000E-01 3.711000E-01 7.612900 7.634100 7.602800 7.427800 7.153600 6.856300 6.603500 6.429900 6.306000 6.188300 6.079900 6.008800 5.943700 5.937800 6.030400 6.342500 6.676400 6.902700 6.986500 7.127700 7.303300 7.458600 7.568500 7.666700 7.738400 7.739300 7.663100 7.511500 7.281700 7.006500 6.929000 6.982900 7.131200 7.255700 7.450100 7.747900 8.136300 8.447400 8.563600
-1.273600 -1.370400 -1.430600 -1.454600 -1.448500 -1.422800 -1.314800 -1.130400 -8.364000E-01 -4.135000E-01 2.890000E-02 3.518000E-01 4.178000E-01 7.286300 -1.479000E-01 -3.855000E-01 -5.018000E-01 -4.205000E-01 -2.659000E-01 -1.114000E-01 -3.330000E-02 7.078800 7.051800 6.898200 6.632500 6.332700 6.082800 5.962600 5.910700 5.917300 5.937300 5.975600 6.022200 6.061300 6.172300 6.482000 6.869900 7.132600 7.218000 7.361100 7.557800 7.716000 7.810800 7.887300 7.995800 8.043600 7.988600 7.840300 7.554300 7.167400 6.926600 6.817100 6.847500 6.881800 6.983900 7.167500 7.513400 7.864800 8.071400
-8.160000E-01 -1.018000 -1.185500 -1.307700 -1.355000 -1.272500 -1.143500 -1.081400 -9.365000E-01 -5.487000E-01 -1.525000E-01 1.105000E-01 1.111000E-01 -1.857000E-01 -5.579000E-01 -7.991000E-01 -8.947001E-01 6.287000 6.333400 -6.804000E-01 -6.040000E-01 6.547300 6.531300 6.413100 6.185100 5.924700 5.713500 5.671000 5.713300 5.820600 5.935400 6.021800 6.130300 6.229600 6.366300 6.650800 7.008400 7.273800 7.463000 7.675000 7.884900 8.045200 8.119300 8.191000 8.324400 8.386800 8.303100 8.155400 7.881700 7.415200 6.966200 6.622500 6.441600 6.340100 6.315500 6.416800 6.785000 7.287400 7.629200
-2.574000E-01 -5.310000E-01 -7.640000E-01 -9.382000E-01 -9.912000E-01 -9.262000E-01 -8.391000E-01 -8.303000E-01 -7.727000E-01 -5.170000E-01 -2.727000E-01 -1.702000E-01 -3.104000E-01 6.467200 -9.719000E-01 -1.228000 5.789800 5.852400 5.898200 5.961600 6.047300 6.164200 6.220300 6.135100 5.924200 5.685500 5.519900 5.506600 5.606500 5.779300 5.933300 6.076800 6.224400 6.374800 6.545600 6.795300 7.126800 7.421100 7.695800 7.957400 8.176300 8.329500 8.387300 8.466200 8.581100 8.619500 8.534800 8.413200 8.190400 7.620400 7.007400 6.485000 6.124300 5.897400 5.755200 5.808400 6.211500 6.867100 7.377700
3.018000E-01 4.799999E-03 -2.321000E-01 -4.143000E-01 -4.934000E-01 -4.826000E-01 -4.363000E-01 -4.311000E-01 -4.374000E-01 -3.434000E-01 -2.914000E-01 -3.840000E-01 -6.312000E-01 6.155900 5.832800 5.584500 5.507400 5.574600 5.664300 5.786500 5.903400 6.046900 6.125800 6.071400 5.857500 5.595400 5.450400 5.439400 5.554600 5.737400 5.922000 6.094400 6.269000 6.465300 6.678800 6.935600 7.234000 7.524300 7.834700 8.126000 8.346900 8.471500 8.512600 8.534400 8.597700 8.633801 8.639600 8.489400 8.230800 7.705700 7.048600 6.471900 6.022500 5.727400 5.563000 5.600400 6.066100 6.779400 7.256800
7.705000E-01 5.034000E-01 2.925000E-01 1.266000E-01 2.220000E-02 3.100000E-02 6.859999E-02 5.009999E-02 -1.200000E-02 -8.620000E-02 -2.127000E-01 -4.343000E-01 -7.393000E-01 6.076600 5.785500 -1.546900 5.461700 5.555100 5.725200 5.915100 6.075300 6.162100 6.159200 6.075500 5.889700 5.610500 5.450600 5.401200 5.492400 5.662400 5.856900 6.035600 6.232900 6.469500 6.743800 7.037600 7.304500 7.593600 7.872700 8.137700 8.339400 8.428500 8.425400 8.428300 8.468700 8.507900 8.585200 8.538800 8.271400 7.849100 7.250700 6.666600 6.165000 5.836300 5.733300 5.797000 6.177800 6.733700 7.187600
1.075800 8.895000E-01 7.361000E-01 6.301000E-01 6.005000E-01 6.446000E-01 6.571000E-01 6.049000E-01 4.964000E-01 3.012000E-01 5.670000E-02 -2.784000E-01 -6.212000E-01 -9.439000E-01 -1.221400 -1.398900 5.682100 5.824300 6.056300 6.291400 6.455300 6.462900 6.339500 6.144700 5.901600 5.644200 5.450000 5.396800 5.461100 5.570400 5.719200 5.866800 6.067800 6.340800 6.701600 7.077900 7.362100 7.598700 7.802600 8.018500 8.173600 8.245700 8.236200 8.259400 8.342400 8.445700 8.499700 8.488000 8.285700 7.949900 7.481900 6.986400 6.534400 6.162600 6.043200 6.176200 6.469900 6.813800 7.149600
1.185300 1.105200 1.052800 1.044000 1.103100 1.187000 1.223400 1.129500 9.549000E-01 7.207000E-01 4.267000E-01 1.970000E-02 -3.840000E-01 -7.663000E-01 -1.078500 -1.265500 -1.228800 -9.657000E-01 -6.027000E-01 6.780300 6.891100 6.796300 6.569200 6.284400 5.953600 5.634000 5.432300 5.367400 5.387200 5.431100 5.524400 5.643300 5.837800 6.136700 6.549000 6.985900 7.295900 7.468100 7.651500 7.839100 7.955000 8.017300 7.985300 8.016700 8.156300 8.334400 8.400500 8.366899 8.185200 7.934000 7.624000 7.271900 6.935300 6.569400 6.435200 6.541400 6.802200 7.070300 7.386300
1.113300 1.148800 1.213100 1.307600 1.437200 1.566900 1.607200 1.548500 1.420600 1.177900 8.076000E-01 3.600000E-01 -1.032000E-01 -5.644000E-01 -9.765000E-01 -1.197300 -1.136900 -8.222000E-01 -3.219000E-01 7.120100 7.141900 6.981300 6.676400 6.322300 5.935300 5.591600 5.385000 5.319400 5.293900 5.309800 5.353200 5.420700 5.598400 5.901200 6.327600 6.747200 7.068400 7.249400 7.489400 7.652500 7.748400 7.812800 7.744700 7.716900 7.883400 8.095300 8.181400 8.136900 7.976000 7.772700 7.528500 7.293300 7.043300 6.790200 6.712500 6.843800 7.113100 7.427800 7.767100
9.196000E-01 1.044000 1.217900 1.409800 1.594500 1.757000 1.833200 1.920700 1.866800 1.602100 1.152500 6.364000E-01 1.020000E-01 -4.827000E-01 -9.953000E-01 -1.304400 -1.236400 -8.826000E-01 -2.569000E-01 1.129000E-01 7.189600 6.996100 6.676200 6.282100 5.874600 5.545400 5.356800 5.320200 5.334500 5.312400 5.288700 5.314400 5.459400 5.741500 6.141700 6.547800 6.882700 7.095200 7.356100 7.558300 7.694000 7.706100 7.577800 7.489100 7.538200 7.651300 7.704500 7.684100 7.578500 7.392400 7.193700 6.980200 6.825400 6.746300 6.799800 7.001500 7.311900 7.683200 8.082600
6.819000E-01 8.394000E-01 1.078100 1.327100 1.567700 1.816900 2.012300 2.161900 2.126700 1.811100 1.332000 7.643000E-01 1.462000E-01 -5.479000E-01 -1.147400 -1.502500 -1.385700 -9.072000E-01 6.800000 7.085600 7.103300 6.941100 6.625800 6.227900 5.853000 5.578300 5.464400 5.460500 5.480900 5.433300 5.361500 5.357800 5.488100 5.752500 6.106300 6.472100 6.809100 7.096200 7.331000 7.499300 7.592400 7.585700 7.414900 7.246100 7.147600 7.111300 7.068200 7.051800 6.975100 6.825800 6.680600 6.569400 6.518300 6.539100 6.661500 6.888100 1.514000E-01 5.971000E-01 8.187800
4.120000E-01 5.806000E-01 8.255000E-01 1.113200 1.418600 1.732500 2.012300 2.163300 2.092100 1.754600 1.226300 6.073000E-01 -5.750000E-02 -7.489000E-01 -1.314600 -1.592500 -1.455700 6.088400 6.521200 6.793600 6.898800 6.849800 6.593200 6.250600 5.956200 5.763700 5.695600 5.700800 5.687300 5.623800 5.550800 5.577400 5.704600 5.938300 6.236500 6.550900 6.854300 7.124500 7.305700 7.424700 7.465100 7.432900 7.266700 7.044000 6.791000 6.596700 6.461500 6.444800 6.399600 6.300700 6.213600 6.168500 6.227300 6.354100 6.476700 -3.801000E-01 1.890000E-02 5.230000E-01 8.130100
1.284000E-01 2.871000E-01 5.114000E-01 7.926000E-01 1.117400 1.463500 1.750900 1.893900 1.809200 1.450000 8.598000E-01 2.019000E-01 -4.292000E-01 -1.005500 -1.425900 -1.537200 5.704500 5.966900 6.223200 6.464400 6.684800 6.752600 6.594500 6.307400 6.097400 6.001600 5.989700 5.995700 5.941800 5.862200 5.817600 5.873600 6.015100 6.230900 6.492300 6.759200 7.017100 7.194200 7.280000 7.333400 7.355300 7.321700 7.167500 6.915300 -5.343000E-01 -8.421000E-01 6.057800 6.021300 5.973900 5.898300 5.867200 5.908000 6.100100 6.317700 6.506900 6.733700 -5.360000E-02 3.042000E-01 7.812400
-6.500000E-02 5.860000E-02 2.262000E-01 4.516000E-01 7.555000E-01 1.092700 1.353800 1.475000 1.379200 9.655000E-01 3.399000E-01 -3.298000E-01 -8.701000E-01 -1.256800 -1.452600 -1.469600 5.746200 -1.170400 6.098200 6.297900 6.489000 6.623600 6.498100 6.310400 6.192700 6.208800 6.237400 6.245000 6.180700 6.116700 6.107300 6.166500 6.302000 6.518900 6.773100 7.009500 7.156300 7.241300 7.243200 7.231200 7.243500 7.225900 7.111500 6.871700 6.506500 -9.497000E-01 5.913100 5.817600 5.785800 5.714400 5.741200 5.896900 6.157400 6.455000 6.652800 6.810900 -1.221000E-01 6.890000E-02 7.427900
-1.449000E-01 -9.130000E-02 7.299997E-03 1.670000E-01 4.148000E-01 7.014000E-01 9.510000E-01 1.041800 8.870000E-01 4.081000E-01 -2.403000E-01 -8.561000E-01 -1.264000 -1.453300 -1.449500 5.740500 5.858000 -1.144000 -1.049800 6.182600 6.313500 6.395400 6.357400 6.263000 6.208500 6.296000 6.360000 6.363800 6.319200 6.284100 6.297300 6.364900 6.502500 6.746000 6.989400 7.146600 7.176300 7.157600 7.121300 7.089600 7.097200 7.111600 7.062000 6.893300 -5.063000E-01 -8.310000E-01 -1.079800 5.875300 5.740600 5.682300 5.820300 6.039100 6.306500 6.556400 6.739400 6.869700 -1.353000E-01 -4.530000E-02 2.220000E-02
-2.020000E-01 -2.191000E-01 -1.674000E-01 -6.200000E-02 1.149000E-01 3.228000E-01 5.330999E-01 5.929000E-01 3.818000E-01 -1.134000E-01 -7.359000E-01 -1.264800 -1.543700 -1.567900 -1.422100 5.831600 5.912900 -1.148500 -1.109400 6.064700 6.109600 6.140300 6.149200 6.125400 6.134900 6.255200 6.348300 6.345800 6.326200 6.346800 6.417800 6.509100 6.652000 6.914100 7.130200 7.195100 7.083200 6.961800 6.902000 6.913600 6.930500 6.951200 6.972900 -1.921000E-01 6.737800 6.505400 6.278100 6.095100 5.870900 5.785500 5.985000 6.231900 6.480100 6.678400 -2.690000E-01 -1.878000E-01 -1.001000E-01 -3.840000E-02 -9.190000E-02
-2.469000E-01 -3.037000E-01 -3.025000E-01 -2.678000E-01 -1.636000E-01 -2.300002E-03 1.627000E-01 1.965000E-01 -1.360000E-02 -4.603000E-01 -1.003900 -1.475100 -1.692700 -1.643200 5.676100 5.853100 5.908400 5.922100 5.904700 5.923600 5.912500 5.901800 5.882100 5.908400 6.030100 6.166800 6.255600 6.263500 6.261100 6.315300 6.452200 6.607700 6.775700 7.017600 7.184800 7.155100 6.921300 6.723000 6.621900 -5.181000E-01 -4.949000E-01 -4.282000E-01 -3.145000E-01 -2.298000E-01 6.857100 6.750100 6.577900 6.356500 6.119700 6.027600 6.215700 6.458900 6.671100 6.824500 -1.917000E-01 -1.582000E-01 -1.096000E-01 -7.480000E-02 -9.930000E-02
-1.714000E-01 -2.567000E-01 -3.529000E-01 -4.300000E-01 -4.295000E-01 -3.018000E-01 6.941800 6.992000 -2.404000E-01 -5.769000E-01 -1.021600 -1.460900 -1.689600 -1.602200 5.695100 5.835200 5.900400 5.877800 5.801400 5.757300 5.705400 5.636200 5.617900 5.719700 5.911300 6.084300 6.187300 6.202500 6.217300 6.313600 6.491500 6.684000 6.866100 7.076100 7.214200 7.106000 6.853500 -5.279000E-01 -7.634000E-01 -8.629000E-01 -8.420000E-01 -7.428000E-01 -5.339000E-01 -2.948000E-01 -1.418000E-01 6.982300 6.873000 6.641500 6.390300 6.330300 6.472400 6.665500 6.858200 -1.412000E-01 -1.086000E-01 -8.760000E-02 -6.330000E-02 -2.880000E-02 -1.200000E-02
-3.430000E-02 -1.592000E-01 -3.863000E-01 -5.937000E-01 -6.728000E-01 -5.925000E-01 -4.225000E-01 6.813800 6.806300 -4.504000E-01 6.354600 -1.096600 -1.342500 -1.374700 5.834100 5.913000 5.904900 5.802400 5.659200 5.563400 5.523500 5.469900 5.454200 5.599300 5.844700 6.071100 6.215700 6.273300 6.301400 6.389900 6.556600 6.766100 6.952500 7.098900 7.213400 7.071100 6.766600 -7.390000E-01 -1.003200 -1.095000 -1.095900 -9.758000E-01 -7.007000E-01 -3.602000E-01 -5.760000E-02 7.202100 7.170000 -1.434000E-01 -3.663000E-01 6.606200 6.654200 6.810700 -1.726000E-01 -1.198000E-01 -1.017000E-01 -5.850000E-02 1.170000E-02 1.009000E-01 1.543000E-01
2.220000E-02 -1.357000E-01 -4.610000E-01 -7.812001E-01 -9.195001E-01 -8.565000E-01 -6.364000E-01 6.725600 6.864700 6.886600 6.752200 6.503600 -8.799000E-01 6.055000 6.024900 5.994400 5.891900 5.699600 5.485100 5.390500 5.396900 5.423600 5.478500 5.656600 5.923500 6.179500 6.360400 6.455600 6.485100 6.545100 6.670400 6.866700 7.029400 7.144400 7.224100 7.052200 6.672100 6.242700 -1.072100 -1.187900 -1.196500 -1.050600 -7.677000E-01 -3.658000E-01 2.850000E-02 7.388400 3.212000E-01 9.810000E-02 -1.864000E-01 6.733400 6.792900 -1.643000E-01 -1.262000E-01 -1.115000E-01 -8.330000E-02 -1.400001E-03 1.310000E-01 2.590000E-01 3.297000E-01
3.529999E-02 -1.671000E-01 -5.472000E-01 -9.178000E-01 -1.085900 -1.019700 6.330300 6.675900 6.893600 7.043700 7.069400 6.926300 6.584400 6.316200 6.165900 6.024600 5.805600 5.548400 5.311400 5.240700 5.312700 5.475000 5.628100 5.860400 6.127400 6.394100 6.591500 6.696200 6.714600 6.745600 6.846800 7.006000 7.112900 7.209700 7.278300 7.202000 6.871200 6.467000 6.190000 6.009300 -1.105800 -9.623000E-01 -6.902000E-01 -2.802000E-01 1.548000E-01 4.615000E-01 5.296000E-01 3.154000E-01 1.530000E-02 -1.910000E-01 -1.651000E-01 -6.820000E-02 -3.000000E-02 -1.860000E-02 2.460000E-02 1.236000E-01 2.763000E-01 4.181000E-01 4.664000E-01
7.350000E-02 -1.346000E-01 -5.105000E-01 -8.832000E-01 -1.104700 6.052200 6.305500 6.636000 6.832100 6.967600 7.031800 7.044600 6.738000 6.485400 6.283700 6.075900 5.783500 5.466500 5.218600 5.157100 5.314700 5.561200 5.773400 6.046900 6.347800 6.628700 6.844300 6.937400 6.931800 6.928000 7.024500 7.147100 7.174900 7.257200 7.358000 7.345100 7.115200 6.761000 6.421500 6.264400 6.261400 -6.909000E-01 -4.444000E-01 -9.190000E-02 7.424400 7.727600 6.864000E-01 5.055000E-01 2.516000E-01 5.250000E-02 -1.260000E-02 1.040000E-02 4.990000E-02 1.060000E-01 1.899000E-01 3.281000E-01 4.714000E-01 5.667000E-01 5.452999E-01
