Probabilistic SVM/SYNTHETIC FIELD/SYNTHETIC FIELD/trs0003.grd
DSAA
          60          60
    1.000000E-01       11.900000
    1.000000E-01       11.900000
       -2.036800        9.890900
[rows 26 to 51 of 60, columns 0 to 58 of 60]
2.086000E-01 3.999993E-04 -3.403000E-01 -6.958000E-01 -9.426000E-01 6.159100 6.312400 6.556500 6.758200 6.902300 7.060100 7.102200 6.889600 6.677400 6.455300 6.223700 5.879000 5.531500 5.281100 5.231700 5.412700 5.681100 5.931300 6.237400 6.571600 6.872900 7.067200 7.125400 7.085900 7.055400 7.093800 7.122200 7.113500 8.070000E-02 2.043000E-01 7.384800 7.300200 7.028300 6.759400 6.641100 6.632500 -3.415000E-01 -1.296000E-01 7.259700 7.609400 7.889000 8.057000E-01 6.439000E-01 4.443000E-01 2.758000E-01 2.103000E-01 1.979000E-01 1.896000E-01 2.114000E-01 2.950000E-01 4.327000E-01 5.892000E-01 6.640000E-01 5.886000E-01
4.284000E-01 2.411000E-01 -7.230000E-02 -4.238000E-01 -6.680000E-01 6.366300 6.404300 6.544100 6.737400 6.928200 7.101600 7.142900 7.064700 6.930700 6.752300 6.510800 -9.437000E-01 5.802800 5.558800 5.544900 5.626100 5.828500 6.071900 6.405400 6.775600 7.068400 7.247000 7.275600 7.197300 7.100900 7.031000 6.959300 6.915800 -1.443000E-01 -1.170000E-02 7.266600 7.359200 7.247400 7.118400 7.069100 7.078100 7.159400 7.282700 7.481100 7.735400 7.896300 7.871900 7.703400 4.303000E-01 7.392700 2.449000E-01 2.483000E-01 1.954000E-01 1.727000E-01 2.700000E-01 4.284000E-01 6.233000E-01 7.180000E-01 6.340000E-01
6.024000E-01 4.306000E-01 1.550000E-01 -1.643000E-01 -3.916000E-01 6.616700 6.588500 6.615700 6.766100 6.975100 7.162500 7.261800 7.247200 7.154100 7.054300 6.868900 -5.301000E-01 6.249000 6.014600 5.995100 5.952400 6.049000 6.223600 6.551300 6.924900 7.206000 7.356200 7.342200 7.212700 7.039900 6.876100 6.712300 6.618700 -4.647000E-01 -3.123000E-01 7.012400 7.210100 7.311700 7.394000 7.457800 7.500000 7.541900 7.563200 7.614000 7.694000 7.724700 7.605200 7.404800 7.214900 7.085400 7.051100 -4.000000E-02 -2.370000E-02 -9.300001E-03 9.959999E-02 3.076000E-01 5.633000E-01 7.145000E-01 6.867000E-01
6.692000E-01 4.751000E-01 2.384000E-01 7.036100 6.778200 6.658100 6.576400 6.520900 6.651400 6.884800 7.130600 7.322300 7.395100 7.378900 7.356200 1.443000E-01 -1.036000E-01 6.702900 6.481700 6.414800 6.334800 6.316900 6.371500 6.654900 7.060600 7.344600 7.439200 7.375100 7.186500 6.926600 6.661600 6.417200 6.275800 6.289800 6.471300 -3.666000E-01 7.022300 2.489000E-01 7.584400 7.751400 7.829200 7.835300 7.756100 7.650800 7.511500 7.357900 7.133500 -2.290000E-01 6.681000 6.575700 -5.384000E-01 -4.834000E-01 -3.828000E-01 -2.591000E-01 -1.331000E-01 7.489999E-02 3.777000E-01 6.591000E-01 7.641000E-01
4.470000E-01 2.208000E-01 -8.600004E-03 -2.741000E-01 6.542100 6.369900 6.338800 6.334700 6.437800 6.718900 7.034500 7.307000 7.480600 4.734000E-01 5.207000E-01 4.802000E-01 2.657000E-01 7.074200 6.812800 6.678300 6.613700 6.529500 6.508500 6.852300 7.269700 7.521700 7.574700 7.474300 7.210400 6.841100 6.480600 6.212700 6.084100 6.122300 6.258100 -5.951000E-01 -2.917000E-01 1.674000E-01 5.128000E-01 7.872200 7.997700 7.996700 7.863200 7.617900 7.256300 -1.867000E-01 -5.164000E-01 -8.251000E-01 6.087700 -1.090900 -1.051700 -9.262000E-01 -7.232000E-01 -4.840000E-01 -2.910000E-01 -6.140000E-02 2.282000E-01 5.520000E-01 7.426000E-01
1.164000E-01 -1.625000E-01 -4.213000E-01 -7.719000E-01 -1.117500 -1.294300 5.850900 6.009600 -9.145000E-01 -5.724000E-01 -1.874000E-01 1.538000E-01 3.882000E-01 7.652000 6.900000E-01 7.038000E-01 7.606400 7.310600 7.024800 6.863600 6.786100 6.756200 6.839600 7.190900 7.552200 7.732000 7.724200 7.543700 7.226500 6.802600 6.410500 6.144600 6.070800 6.144500 6.225500 6.406000 -3.854000E-01 7.240000E-02 4.723000E-01 7.882800 8.047500 8.059500 7.889600 7.524300 -9.460000E-02 -5.888000E-01 -1.028900 -1.360600 -1.535900 -1.576200 -1.449400 -1.222700 -9.465000E-01 -6.737000E-01 -4.314000E-01 -1.931000E-01 6.779999E-02 3.259000E-01 5.085000E-01
-1.474000E-01 -5.045000E-01 -8.346000E-01 -1.234400 -1.612000 -1.844300 5.349700 -1.496300 -1.133700 -6.555000E-01 -2.111000E-01 1.403000E-01 7.454400 7.668900 7.318000E-01 7.460000E-01 7.662600 7.388300 7.130000 6.976300 6.934200 7.075800 7.315800 7.614700 7.814100 7.897700 7.821500 7.561200 7.170800 6.774200 6.414100 6.214000 6.193800 6.270000 -7.347000E-01 6.533100 -2.710000E-01 9.970000E-02 4.497000E-01 7.850500 9.427000E-01 9.851000E-01 7.833000E-01 3.389000E-01 -2.690000E-01 -8.536000E-01 -1.340500 -1.670500 5.281100 -1.787100 -1.595800 -1.322000 -1.043000 -7.907000E-01 -5.690000E-01 -3.703000E-01 -1.871000E-01 -1.890000E-02 1.208000E-01
-2.634000E-01 -6.343001E-01 -1.037000 -1.466300 -1.833800 -2.036800 -1.960200 -1.589700 -1.076200 -5.846000E-01 -1.575000E-01 1.367000E-01 2.869000E-01 4.596000E-01 5.855000E-01 6.027000E-01 4.174000E-01 1.811000E-01 3.249999E-02 7.063200 7.100800 7.302700 7.576300 7.832800 8.010900 8.063800 7.944800 7.627600 7.176000 6.779900 6.511200 6.437900 6.490100 -5.449000E-01 -4.935000E-01 6.674700 -2.227000E-01 9.249999E-02 4.121000E-01 7.791900 8.947999E-01 9.490000E-01 7.765000E-01 3.110000E-01 -3.101000E-01 -8.965001E-01 -1.394300 -1.725100 -1.853800 -1.765500 -1.528500 -1.252800 -1.026700 -8.446000E-01 -7.377000E-01 -6.752000E-01 -5.612000E-01 -4.573000E-01 -3.404000E-01
-2.096000E-01 -5.797000E-01 -1.050800 -1.527700 -1.835700 -1.873700 5.417000 5.835900 6.312800 -3.969000E-01 -9.210000E-02 9.450000E-02 1.562000E-01 2.341000E-01 3.075000E-01 3.119000E-01 1.746000E-01 3.460000E-02 7.115300 7.144600 7.276300 7.518700 7.786700 8.014900 8.176500 8.213700 8.081800 7.780600 7.299000 6.922400 6.749900 6.769500 6.871600 -1.850000E-01 -2.318000E-01 -2.186000E-01 -8.910000E-02 1.445000E-01 3.967000E-01 7.732200 7.713000E-01 8.030000E-01 6.863000E-01 2.408000E-01 -3.510000E-01 -8.948000E-01 -1.324300 -1.613400 -1.728100 -1.621000 -1.377300 -1.149400 -1.037300 -9.662000E-01 -9.356000E-01 -1.019100 -9.827000E-01 -9.051000E-01 -7.974000E-01
-3.640000E-02 -4.365000E-01 -9.620000E-01 -1.437200 -1.685400 -1.587200 5.852300 6.280400 6.681200 -1.422000E-01 5.940000E-02 1.225000E-01 5.700000E-02 2.530000E-02 4.450000E-02 3.410000E-02 -3.840000E-02 7.053900 7.150600 7.271000 7.469100 7.721100 7.951000 8.129000 8.273000 8.314700 8.180799 7.890100 7.481400 7.213800 7.094900 7.128100 7.211800 5.000000E-02 -2.950000E-02 3.799997E-03 9.329999E-02 2.459000E-01 4.128000E-01 5.328000E-01 5.528000E-01 5.021000E-01 3.667000E-01 4.070000E-02 -4.821000E-01 -9.673000E-01 -1.261800 -1.460500 -1.564300 -1.498200 -1.336400 -1.205500 -1.147300 -1.146300 -1.215500 -1.361800 -1.379100 -1.315200 -1.188500
1.351000E-01 -2.913000E-01 -8.053000E-01 -1.224900 -1.401500 5.867000 6.236000 6.672400 7.026500 7.200800 1.723000E-01 1.026000E-01 -4.700005E-03 -5.970000E-02 -6.390000E-02 -1.092000E-01 -1.387000E-01 7.090500 7.279700 7.441000 7.633200 7.843800 7.977000 8.076000 8.202200 8.279100 8.269900 8.107400 7.844700 7.578600 7.452200 7.405200 7.387800 7.287500 7.202300 1.744000E-01 2.643000E-01 3.749000E-01 4.526000E-01 4.629000E-01 3.792000E-01 2.546000E-01 9.599999E-02 -1.830000E-01 -6.857000E-01 -1.115000 -1.311900 -1.374100 -1.413900 -1.380400 -1.270900 -1.218300 -1.216000 -1.275000 -1.447200 -1.606400 -1.664100 -1.633100 -1.493100
2.187000E-01 -2.080000E-01 6.434600 -1.039400 -1.155400 6.167800 6.550900 6.954100 7.252500 7.348300 7.314200 7.161700 7.063600 7.048000 -7.930000E-02 -1.116000E-01 -1.136000E-01 7.158700 7.352900 7.551900 7.715800 7.825300 7.856500 7.863800 7.922800 8.031300 8.170800 8.232300 8.146400 7.894400 7.688100 7.552200 7.448700 7.390700 2.606000E-01 3.355000E-01 4.377000E-01 5.002000E-01 4.914000E-01 4.147000E-01 2.457000E-01 5.080000E-02 -1.920000E-01 -5.429000E-01 -9.012000E-01 -1.275400 -1.440200 -1.386000 -1.310600 -1.213200 -1.099500 -1.039000 -1.043000 -1.179800 -1.445300 -1.715200 -1.835300 -1.837200 -1.709400
2.149000E-01 -1.844000E-01 6.503400 6.193200 6.116200 6.362500 6.728700 7.078400 7.314500 7.354300 7.290500 7.140900 7.069600 7.089300 -3.300000E-02 -2.850000E-02 7.128700 7.269600 7.388600 7.493700 7.559100 7.557500 7.540300 7.507000 7.463200 7.564700 7.853500 8.092900 8.159600 7.973600 7.750600 7.571900 7.439100 3.093000E-01 3.381000E-01 4.506000E-01 5.526000E-01 5.561000E-01 4.470000E-01 3.338000E-01 7.224800 -1.207000E-01 -4.236000E-01 -7.844000E-01 -1.129800 -1.364800 -1.429100 -1.307500 6.006800 -9.071000E-01 -8.122000E-01 -7.276000E-01 -7.607000E-01 -9.544000E-01 -1.311000 -1.693400 -1.855000 -1.870600 -1.790900
1.817000E-01 6.895300 -5.675000E-01 6.283100 6.239600 -6.687000E-01 6.747700 7.046400 7.256500 7.292200 7.248400 7.123900 7.018400 7.028600 -3.090000E-02 7.162700 7.282700 7.384300 7.422300 7.407800 7.355600 7.246400 7.173000 7.093300 6.967100 7.048500 7.399000 7.730900 7.915000 7.818000 7.641900 3.626000E-01 2.420000E-01 2.104000E-01 2.455000E-01 3.747000E-01 4.900000E-01 4.930000E-01 3.809000E-01 2.380000E-01 7.102300 6.782900 -6.540000E-01 -9.954000E-01 -1.287600 -1.382100 -1.289200 6.033100 6.306000 -5.838000E-01 -4.747000E-01 -4.225000E-01 -4.797000E-01 -6.986000E-01 -1.068500 -1.546300 -1.748900 -1.770900 -1.737900
1.451000E-01 6.888200 6.590500 -6.962000E-01 -7.205001E-01 -5.910000E-01 6.756900 6.991300 7.172200 7.239400 7.171500 7.051400 6.958600 6.933300 7.010700 7.170600 7.362100 7.495100 7.517400 7.428200 7.284700 7.084300 6.899900 6.689400 6.506700 6.603300 6.920600 7.243100 7.454300 7.476700 7.375700 1.296000E-01 7.141500 7.110600 1.670000E-02 1.263000E-01 2.469000E-01 3.064000E-01 7.355700 7.211300 6.959500 6.634100 6.313100 6.038700 -1.212600 -1.159600 6.152500 6.452500 6.712300 6.889800 -1.319000E-01 -1.296000E-01 -2.171000E-01 -4.393000E-01 -8.078000E-01 -1.219200 -1.412700 -1.485700 -1.481800
7.110000E-02 6.884000 6.657800 6.529200 -5.842000E-01 -4.838000E-01 -3.143000E-01 6.994800 7.146500 7.187000 7.088400 6.922100 6.799700 6.767100 6.920300 7.156200 7.393700 7.568600 7.609300 7.459800 7.244900 6.972100 6.670000 6.373000 6.199600 6.242800 6.493900 6.766800 6.996700 7.131300 7.126200 7.007800 6.896800 6.852500 6.825000 -2.445000E-01 -1.403000E-01 2.030000E-02 7.181700 7.112900 6.877600 6.580700 6.312700 6.138400 6.118600 6.287100 6.597500 6.923500 7.136100 7.250300 1.721000E-01 1.151000E-01 1.499996E-03 -2.296000E-01 -5.305000E-01 -7.958000E-01 -9.509000E-01 -1.048100 -1.090800
-1.880000E-02 6.881700 6.713900 6.616800 -4.862000E-01 -3.984000E-01 -2.559000E-01 -9.580000E-02 7.092900 7.072300 6.951300 6.799800 6.689000 6.698400 6.881800 7.168200 7.423600 7.603600 7.651200 7.489000 7.184400 6.823300 6.479600 6.167700 6.000800 6.034200 6.203900 6.440400 6.712300 6.881300 6.920200 6.845100 6.686000 6.541100 6.425500 6.409200 -5.853000E-01 6.800900 7.021100 7.058100 6.888800 6.633800 6.393700 6.283200 6.363400 6.633700 6.993700 7.314700 7.487000 7.532700 3.863000E-01 2.935000E-01 1.266000E-01 -1.404000E-01 -3.840000E-01 -5.406000E-01 -5.928000E-01 -6.457000E-01 -7.141000E-01
-1.200000E-01 -2.319000E-01 -3.545000E-01 -4.457000E-01 -4.680000E-01 -3.775000E-01 -2.368000E-01 -8.180000E-02 7.086200 7.004800 6.862100 6.772300 6.689900 6.730200 6.946900 7.194100 7.437900 7.603700 7.658700 7.520400 7.168600 6.682500 6.271700 5.990800 5.884600 5.946800 6.061600 6.286600 6.573200 6.757300 6.830100 6.758800 6.548800 6.289900 6.082700 6.023300 -9.078000E-01 -5.114000E-01 6.943400 7.070600 6.988200 6.780300 6.550900 6.475000 6.626100 6.943700 7.304700 7.611900 7.760600 7.744200 5.354000E-01 3.858000E-01 1.254000E-01 -1.769000E-01 -3.996000E-01 -4.658000E-01 -4.073000E-01 -4.015000E-01 -4.867000E-01
-1.983000E-01 -2.387000E-01 -3.197000E-01 -4.106000E-01 -4.758000E-01 -4.556000E-01 -3.018000E-01 -8.980000E-02 7.072100 7.025800 6.908800 6.828200 6.769700 6.828400 7.029400 7.224100 7.442200 7.599500 7.653700 7.527800 7.160200 6.605300 6.082900 5.819800 5.841400 5.906700 6.021700 6.229000 6.538400 6.747800 6.801300 6.697400 6.458700 -9.552000E-01 -1.194900 -1.258000 -1.002800 -5.378000E-01 7.010000 7.217400 7.188600 6.994400 6.762100 6.715300 6.888700 7.187400 7.515900 7.780700 7.896800 7.872300 7.734900 4.213000E-01 6.910000E-02 -2.738000E-01 -4.880000E-01 -4.971000E-01 -3.733000E-01 -3.015000E-01 -3.827000E-01
-1.852000E-01 -1.801000E-01 -2.084000E-01 -2.644000E-01 6.704500 -4.543000E-01 -3.488000E-01 6.932000 7.049200 7.078600 7.025400 6.965700 6.922000 6.979800 7.112800 7.276700 7.463000 7.610000 7.658100 7.543100 7.155600 6.547300 5.969000 5.646700 5.691000 5.817500 6.011800 6.251900 6.533200 6.725700 6.774700 6.675600 6.433700 6.149100 5.937400 -1.188100 6.219100 6.686000 7.139900 7.372200 7.387100 7.238600 7.046700 7.002500 7.142900 7.401100 7.696300 7.898900 7.962000 7.908200 6.575000E-01 4.058000E-01 5.490000E-02 -3.068000E-01 -5.406000E-01 -5.749000E-01 -4.589000E-01 -3.367000E-01 -3.943000E-01
-4.760000E-02 -2.220000E-02 -9.800002E-03 7.087400 7.031400 7.025600 -7.800000E-02 7.035200 7.083400 7.118000 7.138100 7.098500 7.082000 7.121200 7.231200 7.379500 7.539300 7.681600 7.725400 7.611200 7.221900 6.581200 5.967800 5.634400 5.677200 5.812200 6.048800 6.302100 6.551200 6.711500 6.761300 6.681400 6.491400 6.300200 6.178500 6.221000 6.543300 6.946900 7.317200 7.522800 7.548300 7.447600 7.324500 7.296900 7.397800 7.622400 7.862900 7.989900 7.985400 7.855800 6.031000E-01 3.382000E-01 -2.800000E-02 -4.405000E-01 -7.173000E-01 -7.697001E-01 -6.488000E-01 -4.736000E-01 -4.216000E-01
1.950000E-01 2.086000E-01 7.333700 7.358800 7.394600 7.360700 7.301400 7.254000 7.254300 7.266800 7.265300 7.233500 7.225300 7.277300 7.392600 7.562500 7.727100 7.833100 7.858300 7.724000 7.352500 6.706800 6.120200 5.756400 5.709700 5.805000 6.051700 6.306800 6.525800 6.693400 6.756900 6.724800 6.638100 6.529300 6.467200 6.549700 6.822400 7.178100 7.481700 7.633700 7.655100 7.583900 7.501800 7.470300 7.540000 7.726100 7.943300 8.019000 7.957800 7.839000 7.637500 7.320900 6.922000 6.484300 6.191400 -9.640000E-01 -8.346000E-01 -6.637000E-01 -4.882000E-01
7.582300 5.011000E-01 7.641900 7.698600 7.724100 7.693600 7.624800 7.573600 7.539400 7.514600 7.484200 7.426100 7.409100 7.482100 7.635900 7.848400 8.015700 8.086000 8.042400 7.860700 7.484100 6.888700 6.293800 5.852500 5.640900 5.720900 5.989600 6.233400 6.446700 6.614200 6.727800 6.781300 6.798300 6.782600 6.767200 6.860500 7.093700 7.322400 7.546800 7.660800 7.674300 7.599300 7.535200 7.434300 7.442100 7.640100 7.923000 7.998200 7.920900 7.814300 7.562300 7.201400 6.778800 6.381900 -9.809000E-01 -1.012900 -8.509000E-01 -6.434000E-01 -4.709000E-01
7.826200 7.914600 7.988300 8.063900 8.091600 8.060300 7.994800 7.939200 7.873700 7.803300 7.727800 7.652100 7.646800 7.751400 7.978600 8.227500 8.349000 8.349900 8.220500 7.996300 7.592000 6.997200 6.358600 5.820600 5.520200 5.527100 5.789800 6.057100 6.313500 6.512900 6.694600 6.845100 6.969600 7.037600 7.046400 7.081700 7.209600 7.359200 7.516900 7.595400 7.586900 7.500600 7.408000 7.276500 7.251300 7.484100 7.884500 7.996300 7.906200 7.741900 7.475700 7.102700 6.701200 6.341400 -9.712000E-01 -9.794000E-01 -8.253000E-01 -5.844000E-01 -3.393000E-01
7.961700 8.120800 8.262800 8.371000 8.420800 8.424700 8.388600 8.317101 8.210300 8.083700 7.953300 7.863400 7.884800 8.046900 8.328600 8.563200 8.634200 8.545500 8.319600 8.020800 7.569600 6.964700 6.312300 5.737200 5.377000 5.335200 5.551200 5.846500 6.109800 6.357900 6.619600 6.860300 7.078300 7.213200 7.226900 7.191800 7.231000 7.318700 7.427800 7.482300 7.468000 7.397600 7.298400 7.146700 7.097500 7.347200 7.805200 7.893900 7.773800 7.592600 7.345000 7.007400 -4.677000E-01 -7.728000E-01 -9.244000E-01 -9.078000E-01 -7.163000E-01 -4.062000E-01 -1.076000E-01
7.983100 8.187000 8.382000 8.518900 8.616300 8.699100 8.722900 8.649300 8.518800 8.341100 8.178400 8.077600 8.167500 8.407700 8.684600 8.856200 8.796000 8.608700 8.317000 7.943800 7.449000 6.856000 6.227600 5.671800 5.313800 5.248000 5.400200 5.621900 5.896500 6.199400 6.519400 6.813600 7.102600 7.276500 7.289400 7.201800 7.224800 7.288400 7.345600 7.390200 7.400100 7.371900 7.309900 7.186800 7.038700 7.244500 7.498500 7.622700 7.544500 7.407000 7.191400 -2.137000E-01 -5.476000E-01 -7.912000E-01 -8.558000E-01 -7.479000E-01 -4.837000E-01 -1.921000E-01 8.650000E-02
